{
 "cells": [
  {
   "cell_type": "code",
   "execution_count": 1,
   "metadata": {},
   "outputs": [],
   "source": [
    "## Getting multiway interactions from distances\n",
    "import numpy as np\n",
    "import pandas as pd\n",
    "from itertools import combinations\n",
    "import pickle\n",
    "\n",
    "## Set up. \n",
    "dataDir = '/gpfs/commons/groups/gursoy_lab/ajoglekar/Projects/2023_03_01_multiwayInteractions/2023_03_01_v0_dataGathering/v0_hypergraphSimulations/getMultiwayInteractions_fromBPChains/'\n",
    "\n",
    "## Read in example file\n",
    "exMat1 = np.loadtxt(f'{dataDir}chains_500_10000_1500_1681171613/chain_dist_5324.txt')\n",
    "nrow = exMat1.shape[0]\n",
    "cutoff = 500"
   ]
  },
  {
   "cell_type": "code",
   "execution_count": 80,
   "metadata": {},
   "outputs": [
    {
     "name": "stdout",
     "output_type": "stream",
     "text": [
      "[0, 9, 10, 11, 19, 20, 39, 40, 55, 56, 60, 61, 62, 67]\n"
     ]
    }
   ],
   "source": [
    "cutoff = 550\n",
    "chain_triu = np.triu(exMat1, k=1)\n",
    "row_ix = 0\n",
    "vec = chain_triu[row_ix, row_ix+2:]\n",
    "condition2 = (vec < cutoff)\n",
    "possNeighbors = [index + row_ix + 2 for index in np.where(condition2)[0]]\n",
    "possNeighbors.insert(0, 0)\n",
    "print(possNeighbors)\n",
    "d = exMat1[np.ix_(possNeighbors, possNeighbors)]"
   ]
  },
  {
   "cell_type": "code",
   "execution_count": 81,
   "metadata": {},
   "outputs": [
    {
     "name": "stdout",
     "output_type": "stream",
     "text": [
      "(14, 14)\n",
      "(14, 14)\n"
     ]
    },
    {
     "data": {
      "text/html": [
       "<div>\n",
       "<style scoped>\n",
       "    .dataframe tbody tr th:only-of-type {\n",
       "        vertical-align: middle;\n",
       "    }\n",
       "\n",
       "    .dataframe tbody tr th {\n",
       "        vertical-align: top;\n",
       "    }\n",
       "\n",
       "    .dataframe thead th {\n",
       "        text-align: right;\n",
       "    }\n",
       "</style>\n",
       "<table border=\"1\" class=\"dataframe\">\n",
       "  <thead>\n",
       "    <tr style=\"text-align: right;\">\n",
       "      <th></th>\n",
       "      <th>0</th>\n",
       "      <th>9</th>\n",
       "      <th>10</th>\n",
       "      <th>11</th>\n",
       "      <th>19</th>\n",
       "      <th>20</th>\n",
       "      <th>39</th>\n",
       "      <th>40</th>\n",
       "      <th>55</th>\n",
       "      <th>56</th>\n",
       "      <th>60</th>\n",
       "      <th>61</th>\n",
       "      <th>62</th>\n",
       "      <th>67</th>\n",
       "    </tr>\n",
       "  </thead>\n",
       "  <tbody>\n",
       "    <tr>\n",
       "      <th>0</th>\n",
       "      <td>0.000000</td>\n",
       "      <td>382.281845</td>\n",
       "      <td>524.171227</td>\n",
       "      <td>520.738882</td>\n",
       "      <td>403.557154</td>\n",
       "      <td>388.324930</td>\n",
       "      <td>469.718275</td>\n",
       "      <td>415.614187</td>\n",
       "      <td>474.395800</td>\n",
       "      <td>375.051578</td>\n",
       "      <td>519.808368</td>\n",
       "      <td>404.873776</td>\n",
       "      <td>354.325381</td>\n",
       "      <td>520.898658</td>\n",
       "    </tr>\n",
       "    <tr>\n",
       "      <th>9</th>\n",
       "      <td>382.281845</td>\n",
       "      <td>0.000000</td>\n",
       "      <td>300.000000</td>\n",
       "      <td>500.680927</td>\n",
       "      <td>531.669707</td>\n",
       "      <td>595.368936</td>\n",
       "      <td>716.061013</td>\n",
       "      <td>616.553124</td>\n",
       "      <td>848.068378</td>\n",
       "      <td>736.570764</td>\n",
       "      <td>828.170327</td>\n",
       "      <td>654.136167</td>\n",
       "      <td>404.119576</td>\n",
       "      <td>305.399986</td>\n",
       "    </tr>\n",
       "    <tr>\n",
       "      <th>10</th>\n",
       "      <td>524.171227</td>\n",
       "      <td>300.000000</td>\n",
       "      <td>0.000000</td>\n",
       "      <td>300.000000</td>\n",
       "      <td>711.300674</td>\n",
       "      <td>650.904766</td>\n",
       "      <td>638.466732</td>\n",
       "      <td>584.503628</td>\n",
       "      <td>957.296722</td>\n",
       "      <td>872.328523</td>\n",
       "      <td>1023.863904</td>\n",
       "      <td>819.537325</td>\n",
       "      <td>603.409529</td>\n",
       "      <td>351.763751</td>\n",
       "    </tr>\n",
       "    <tr>\n",
       "      <th>11</th>\n",
       "      <td>520.738882</td>\n",
       "      <td>500.680927</td>\n",
       "      <td>300.000000</td>\n",
       "      <td>0.000000</td>\n",
       "      <td>683.277209</td>\n",
       "      <td>500.938908</td>\n",
       "      <td>444.957546</td>\n",
       "      <td>537.808188</td>\n",
       "      <td>874.562726</td>\n",
       "      <td>777.161322</td>\n",
       "      <td>1024.233815</td>\n",
       "      <td>864.680311</td>\n",
       "      <td>740.245005</td>\n",
       "      <td>594.452192</td>\n",
       "    </tr>\n",
       "    <tr>\n",
       "      <th>19</th>\n",
       "      <td>403.557154</td>\n",
       "      <td>531.669707</td>\n",
       "      <td>711.300674</td>\n",
       "      <td>683.277209</td>\n",
       "      <td>0.000000</td>\n",
       "      <td>300.000000</td>\n",
       "      <td>750.907062</td>\n",
       "      <td>802.950894</td>\n",
       "      <td>707.345125</td>\n",
       "      <td>438.194382</td>\n",
       "      <td>693.128694</td>\n",
       "      <td>725.593156</td>\n",
       "      <td>665.204035</td>\n",
       "      <td>804.226471</td>\n",
       "    </tr>\n",
       "    <tr>\n",
       "      <th>20</th>\n",
       "      <td>388.324930</td>\n",
       "      <td>595.368936</td>\n",
       "      <td>650.904766</td>\n",
       "      <td>500.938908</td>\n",
       "      <td>300.000000</td>\n",
       "      <td>0.000000</td>\n",
       "      <td>520.437872</td>\n",
       "      <td>669.513942</td>\n",
       "      <td>639.625066</td>\n",
       "      <td>400.231011</td>\n",
       "      <td>759.779074</td>\n",
       "      <td>756.929188</td>\n",
       "      <td>736.025030</td>\n",
       "      <td>821.007672</td>\n",
       "    </tr>\n",
       "    <tr>\n",
       "      <th>39</th>\n",
       "      <td>469.718275</td>\n",
       "      <td>716.061013</td>\n",
       "      <td>638.466732</td>\n",
       "      <td>444.957546</td>\n",
       "      <td>750.907062</td>\n",
       "      <td>520.437872</td>\n",
       "      <td>0.000000</td>\n",
       "      <td>300.000000</td>\n",
       "      <td>543.820089</td>\n",
       "      <td>569.492241</td>\n",
       "      <td>793.919258</td>\n",
       "      <td>668.339459</td>\n",
       "      <td>710.936410</td>\n",
       "      <td>744.331253</td>\n",
       "    </tr>\n",
       "    <tr>\n",
       "      <th>40</th>\n",
       "      <td>415.614187</td>\n",
       "      <td>616.553124</td>\n",
       "      <td>584.503628</td>\n",
       "      <td>537.808188</td>\n",
       "      <td>802.950894</td>\n",
       "      <td>669.513942</td>\n",
       "      <td>300.000000</td>\n",
       "      <td>0.000000</td>\n",
       "      <td>525.092525</td>\n",
       "      <td>628.345658</td>\n",
       "      <td>694.412802</td>\n",
       "      <td>473.534307</td>\n",
       "      <td>495.082175</td>\n",
       "      <td>543.445060</td>\n",
       "    </tr>\n",
       "    <tr>\n",
       "      <th>55</th>\n",
       "      <td>474.395800</td>\n",
       "      <td>848.068378</td>\n",
       "      <td>957.296722</td>\n",
       "      <td>874.562726</td>\n",
       "      <td>707.345125</td>\n",
       "      <td>639.625066</td>\n",
       "      <td>543.820089</td>\n",
       "      <td>525.092525</td>\n",
       "      <td>0.000000</td>\n",
       "      <td>300.000000</td>\n",
       "      <td>319.006509</td>\n",
       "      <td>387.544264</td>\n",
       "      <td>627.884980</td>\n",
       "      <td>903.285221</td>\n",
       "    </tr>\n",
       "    <tr>\n",
       "      <th>56</th>\n",
       "      <td>375.051578</td>\n",
       "      <td>736.570764</td>\n",
       "      <td>872.328523</td>\n",
       "      <td>777.161322</td>\n",
       "      <td>438.194382</td>\n",
       "      <td>400.231011</td>\n",
       "      <td>569.492241</td>\n",
       "      <td>628.345658</td>\n",
       "      <td>300.000000</td>\n",
       "      <td>0.000000</td>\n",
       "      <td>403.951592</td>\n",
       "      <td>513.561655</td>\n",
       "      <td>644.172318</td>\n",
       "      <td>891.281160</td>\n",
       "    </tr>\n",
       "    <tr>\n",
       "      <th>60</th>\n",
       "      <td>519.808368</td>\n",
       "      <td>828.170327</td>\n",
       "      <td>1023.863904</td>\n",
       "      <td>1024.233815</td>\n",
       "      <td>693.128694</td>\n",
       "      <td>759.779074</td>\n",
       "      <td>793.919258</td>\n",
       "      <td>694.412802</td>\n",
       "      <td>319.006509</td>\n",
       "      <td>403.951592</td>\n",
       "      <td>0.000000</td>\n",
       "      <td>300.000000</td>\n",
       "      <td>539.758136</td>\n",
       "      <td>893.129385</td>\n",
       "    </tr>\n",
       "    <tr>\n",
       "      <th>61</th>\n",
       "      <td>404.873776</td>\n",
       "      <td>654.136167</td>\n",
       "      <td>819.537325</td>\n",
       "      <td>864.680311</td>\n",
       "      <td>725.593156</td>\n",
       "      <td>756.929188</td>\n",
       "      <td>668.339459</td>\n",
       "      <td>473.534307</td>\n",
       "      <td>387.544264</td>\n",
       "      <td>513.561655</td>\n",
       "      <td>300.000000</td>\n",
       "      <td>0.000000</td>\n",
       "      <td>300.000000</td>\n",
       "      <td>636.411382</td>\n",
       "    </tr>\n",
       "    <tr>\n",
       "      <th>62</th>\n",
       "      <td>354.325381</td>\n",
       "      <td>404.119576</td>\n",
       "      <td>603.409529</td>\n",
       "      <td>740.245005</td>\n",
       "      <td>665.204035</td>\n",
       "      <td>736.025030</td>\n",
       "      <td>710.936410</td>\n",
       "      <td>495.082175</td>\n",
       "      <td>627.884980</td>\n",
       "      <td>644.172318</td>\n",
       "      <td>539.758136</td>\n",
       "      <td>300.000000</td>\n",
       "      <td>0.000000</td>\n",
       "      <td>370.382153</td>\n",
       "    </tr>\n",
       "    <tr>\n",
       "      <th>67</th>\n",
       "      <td>520.898658</td>\n",
       "      <td>305.399986</td>\n",
       "      <td>351.763751</td>\n",
       "      <td>594.452192</td>\n",
       "      <td>804.226471</td>\n",
       "      <td>821.007672</td>\n",
       "      <td>744.331253</td>\n",
       "      <td>543.445060</td>\n",
       "      <td>903.285221</td>\n",
       "      <td>891.281160</td>\n",
       "      <td>893.129385</td>\n",
       "      <td>636.411382</td>\n",
       "      <td>370.382153</td>\n",
       "      <td>0.000000</td>\n",
       "    </tr>\n",
       "  </tbody>\n",
       "</table>\n",
       "</div>"
      ],
      "text/plain": [
       "            0           9            10           11          19          20  \\\n",
       "0     0.000000  382.281845   524.171227   520.738882  403.557154  388.324930   \n",
       "9   382.281845    0.000000   300.000000   500.680927  531.669707  595.368936   \n",
       "10  524.171227  300.000000     0.000000   300.000000  711.300674  650.904766   \n",
       "11  520.738882  500.680927   300.000000     0.000000  683.277209  500.938908   \n",
       "19  403.557154  531.669707   711.300674   683.277209    0.000000  300.000000   \n",
       "20  388.324930  595.368936   650.904766   500.938908  300.000000    0.000000   \n",
       "39  469.718275  716.061013   638.466732   444.957546  750.907062  520.437872   \n",
       "40  415.614187  616.553124   584.503628   537.808188  802.950894  669.513942   \n",
       "55  474.395800  848.068378   957.296722   874.562726  707.345125  639.625066   \n",
       "56  375.051578  736.570764   872.328523   777.161322  438.194382  400.231011   \n",
       "60  519.808368  828.170327  1023.863904  1024.233815  693.128694  759.779074   \n",
       "61  404.873776  654.136167   819.537325   864.680311  725.593156  756.929188   \n",
       "62  354.325381  404.119576   603.409529   740.245005  665.204035  736.025030   \n",
       "67  520.898658  305.399986   351.763751   594.452192  804.226471  821.007672   \n",
       "\n",
       "            39          40          55          56           60          61  \\\n",
       "0   469.718275  415.614187  474.395800  375.051578   519.808368  404.873776   \n",
       "9   716.061013  616.553124  848.068378  736.570764   828.170327  654.136167   \n",
       "10  638.466732  584.503628  957.296722  872.328523  1023.863904  819.537325   \n",
       "11  444.957546  537.808188  874.562726  777.161322  1024.233815  864.680311   \n",
       "19  750.907062  802.950894  707.345125  438.194382   693.128694  725.593156   \n",
       "20  520.437872  669.513942  639.625066  400.231011   759.779074  756.929188   \n",
       "39    0.000000  300.000000  543.820089  569.492241   793.919258  668.339459   \n",
       "40  300.000000    0.000000  525.092525  628.345658   694.412802  473.534307   \n",
       "55  543.820089  525.092525    0.000000  300.000000   319.006509  387.544264   \n",
       "56  569.492241  628.345658  300.000000    0.000000   403.951592  513.561655   \n",
       "60  793.919258  694.412802  319.006509  403.951592     0.000000  300.000000   \n",
       "61  668.339459  473.534307  387.544264  513.561655   300.000000    0.000000   \n",
       "62  710.936410  495.082175  627.884980  644.172318   539.758136  300.000000   \n",
       "67  744.331253  543.445060  903.285221  891.281160   893.129385  636.411382   \n",
       "\n",
       "            62          67  \n",
       "0   354.325381  520.898658  \n",
       "9   404.119576  305.399986  \n",
       "10  603.409529  351.763751  \n",
       "11  740.245005  594.452192  \n",
       "19  665.204035  804.226471  \n",
       "20  736.025030  821.007672  \n",
       "39  710.936410  744.331253  \n",
       "40  495.082175  543.445060  \n",
       "55  627.884980  903.285221  \n",
       "56  644.172318  891.281160  \n",
       "60  539.758136  893.129385  \n",
       "61  300.000000  636.411382  \n",
       "62    0.000000  370.382153  \n",
       "67  370.382153    0.000000  "
      ]
     },
     "execution_count": 81,
     "metadata": {},
     "output_type": "execute_result"
    }
   ],
   "source": [
    "df = pd.DataFrame(d,columns = possNeighbors,index = possNeighbors)\n",
    "print(d.shape)\n",
    "print(df.shape)\n",
    "len(possNeighbors)\n",
    "df"
   ]
  },
  {
   "cell_type": "code",
   "execution_count": 82,
   "metadata": {},
   "outputs": [
    {
     "name": "stdout",
     "output_type": "stream",
     "text": [
      "[0, 9, 10, 11, 19, 20, 39, 40, 55, 56, 60, 61, 62, 67]\n"
     ]
    },
    {
     "data": {
      "text/plain": [
       "10225"
      ]
     },
     "execution_count": 82,
     "metadata": {},
     "output_type": "execute_result"
    }
   ],
   "source": [
    "cutoff = 1000\n",
    "columns_to_add = []\n",
    "print(possNeighbors)\n",
    "for ix in range(2, len(possNeighbors)):\n",
    "    for comb in combinations(possNeighbors, ix):\n",
    "        d = chain_triu[np.ix_(comb, comb)]\n",
    "        if d.max() <= cutoff:\n",
    "            new_column = np.zeros(nrow)\n",
    "            new_column[list(comb)] = 1\n",
    "            #print(list(comb))\n",
    "            columns_to_add.append(new_column)\n",
    "\n",
    "len(columns_to_add)"
   ]
  },
  {
   "cell_type": "code",
   "execution_count": 113,
   "metadata": {},
   "outputs": [
    {
     "data": {
      "text/plain": [
       "58.333333333333336"
      ]
     },
     "execution_count": 113,
     "metadata": {},
     "output_type": "execute_result"
    }
   ],
   "source": [
    "(7 * 500 )/ 60"
   ]
  },
  {
   "cell_type": "code",
   "execution_count": null,
   "metadata": {},
   "outputs": [],
   "source": [
    "numEdges = np.loadtxt(f'{dataDir}numEdges_{numFiles}_chains.txt')\n"
   ]
  },
  {
   "cell_type": "markdown",
   "metadata": {},
   "source": [
    "## Process parquet"
   ]
  },
  {
   "cell_type": "code",
   "execution_count": 2,
   "metadata": {},
   "outputs": [],
   "source": [
    "import pyarrow.parquet as pq\n",
    "import pandas as pd\n",
    "\n",
    "f = '/gpfs/commons/groups/gursoy_lab/ajoglekar/Projects/2023_03_01_multiwayInteractions/2023_03_01_v0_dataGathering/PoreC_Fibroblasts/adult/NlaIII_run04_batch2_GRCh38_unphased.at.pore_c.parquet'\n",
    "cM = '/gpfs/commons/groups/gursoy_lab/ajoglekar/Projects/2023_03_01_multiwayInteractions/2023_03_01_v0_dataGathering/PoreC_Fibroblasts/chr_alias.tbl'\n",
    "\n",
    "chrMap = pd.read_table(cM).set_index('alias2')['chrom'].to_dict()\n",
    "\n",
    "df = pq.read_table(source=f).to_pandas()"
   ]
  },
  {
   "cell_type": "code",
   "execution_count": 3,
   "metadata": {},
   "outputs": [],
   "source": [
    "def replace_with_dict(value):\n",
    "    if value in chrMap:\n",
    "        return chrMap[value]\n",
    "    else:\n",
    "        return None"
   ]
  },
  {
   "cell_type": "code",
   "execution_count": 43,
   "metadata": {},
   "outputs": [],
   "source": [
    "filtered_df = df[df['pass_filter'] == True]\n",
    "filtered_df.loc[:,'chrom'] = filtered_df['chrom'].apply(replace_with_dict)\n",
    "filtered_df = filtered_df.dropna(subset=['chrom'])\n",
    "filtered_df.head()\n",
    "filtered_df.reset_index(drop=True, inplace=True)\n",
    "\n",
    "readCounts = filtered_df.groupby('read_idx').size().reset_index(name='count')\n",
    "filteredRead_ix = readCounts[readCounts['count'] >= 2]\n",
    "\n",
    "\n",
    "filtered_df = filtered_df[filtered_df['read_idx'].isin(filteredRead_ix['read_idx'])]"
   ]
  },
  {
   "cell_type": "code",
   "execution_count": null,
   "metadata": {},
   "outputs": [],
   "source": []
  }
 ],
 "metadata": {
  "kernelspec": {
   "display_name": "hypergraph_poreC",
   "language": "python",
   "name": "python3"
  },
  "language_info": {
   "codemirror_mode": {
    "name": "ipython",
    "version": 3
   },
   "file_extension": ".py",
   "mimetype": "text/x-python",
   "name": "python",
   "nbconvert_exporter": "python",
   "pygments_lexer": "ipython3",
   "version": "3.10.9"
  },
  "orig_nbformat": 4
 },
 "nbformat": 4,
 "nbformat_minor": 2
}
